669 210 10
669 210 0
683 210 0
661 211 10
661 211 0
668 211 0
684 211 10
684 211 0
690 211 0
657 212 10
657 212 0
660 212 0
691 212 10
691 212 0
694 212 0
652 213 10
652 213 0
656 213 0
694 213 10
694 213 0
696 213 0
649 214 10
649 214 0
651 214 0
663 214 10
663 214 0
685 214 0
697 214 10
697 214 0
699 214 0
646 215 10
646 215 0
648 215 0
658 215 10
658 215 0
662 215 0
686 215 10
686 215 0
691 215 0
700 215 10
700 215 0
701 215 0
643 216 10
643 216 0
645 216 0
654 216 10
654 216 0
657 216 0
692 216 10
692 216 0
694 216 0
702 216 10
702 216 0
703 216 0
641 217 10
641 217 0
642 217 0
649 217 10
649 217 0
653 217 0
695 217 10
695 217 0
697 217 0
704 217 10
704 217 0
706 217 0
783 217 10
783 217 0
795 217 0
638 218 10
638 218 0
640 218 0
646 218 10
646 218 0
648 218 0
698 218 10
698 218 0
700 218 0
706 218 10
706 218 0
708 218 0
777 218 10
777 218 0
782 218 0
796 218 10
796 218 0
803 218 0
636 219 10
636 219 0
637 219 0
643 219 10
643 219 0
645 219 0
701 219 10
701 219 0
702 219 0
708 219 10
708 219 0
710 219 0
773 219 10
773 219 0
776 219 0
804 219 10
804 219 0
810 219 0
633 220 10
633 220 0
635 220 0
641 220 10
641 220 0
642 220 0
703 220 10
703 220 0
705 220 0
710 220 10
710 220 0
711 220 0
768 220 10
768 220 0
772 220 0
787 220 10
787 220 0
800 220 0
811 220 10
811 220 0
815 220 0
631 221 10
631 221 0
633 221 0
639 221 10
639 221 0
641 221 0
706 221 10
706 221 0
708 221 0
712 221 10
712 221 0
713 221 0
765 221 10
765 221 0
767 221 0
777 221 10
777 221 0
786 221 0
805 221 10
805 221 0
808 221 0
816 221 10
816 221 0
819 221 0
629 222 10
629 222 0
631 222 0
637 222 10
637 222 0
638 222 0
714 222 10
714 222 0
715 222 0
762 222 10
762 222 0
764 222 0
772 222 10
772 222 0
776 222 0
811 222 10
811 222 0
812 222 0
820 222 10
820 222 0
822 222 0
627 223 10
627 223 0
629 223 0
634 223 10
634 223 0
636 223 0
715 223 10
715 223 0
717 223 0
759 223 10
759 223 0
761 223 0
768 223 10
768 223 0
771 223 0
817 223 10
817 223 0
818 223 0
823 223 10
823 223 0
825 223 0
626 224 10
626 224 0
627 224 0
632 224 10
632 224 0
633 224 0
717 224 10
717 224 0
718 224 0
756 224 10
756 224 0
758 224 0
765 224 10
765 224 0
767 224 0
820 224 10
820 224 0
821 224 0
826 224 10
826 224 0
828 224 0
624 225 10
624 225 0
626 225 0
630 225 10
630 225 0
631 225 0
718 225 10
718 225 0
720 225 0
754 225 10
754 225 0
755 225 0
763 225 10
763 225 0
765 225 0
823 225 10
823 225 0
824 225 0
829 225 10
829 225 0
831 225 0
623 226 10
623 226 0
624 226 0
628 226 10
628 226 0
630 226 0
720 226 10
720 226 0
721 226 0
751 226 10
751 226 0
753 226 0
762 226 10
762 226 0
763 226 0
825 226 10
825 226 0
826 226 0
831 226 10
831 226 0
832 226 0
621 227 10
621 227 0
623 227 0
627 227 10
627 227 0
628 227 0
721 227 10
721 227 0
723 227 0
749 227 10
749 227 0
750 227 0
760 227 10
760 227 0
762 227 0
832 227 10
832 227 0
834 227 0
620 228 10
620 228 0
621 228 0
625 228 10
625 228 0
627 228 0
723 228 10
723 228 0
724 228 0
746 228 10
746 228 0
748 228 0
757 228 10
757 228 0
760 228 0
829 228 10
829 228 0
830 228 0
834 228 10
834 228 0
836 228 0
618 229 10
618 229 0
620 229 0
624 229 10
624 229 0
625 229 0
724 229 10
724 229 0
726 229 0
744 229 10
744 229 0
745 229 0
755 229 10
755 229 0
757 229 0
831 229 10
831 229 0
832 229 0
836 229 10
836 229 0
837 229 0
617 230 10
617 230 0
618 230 0
622 230 10
622 230 0
624 230 0
726 230 10
726 230 0
727 230 0
742 230 10
742 230 0
744 230 0
753 230 10
753 230 0
755 230 0
837 230 10
837 230 0
839 230 0
616 231 10
616 231 0
617 231 0
621 231 10
621 231 0
622 231 0
727 231 10
727 231 0
729 231 0
740 231 10
740 231 0
741 231 0
750 231 10
750 231 0
752 231 0
834 231 10
834 231 0
835 231 0
839 231 10
839 231 0
840 231 0
615 232 10
615 232 0
616 232 0
620 232 10
620 232 0
621 232 0
729 232 10
729 232 0
730 232 0
738 232 10
738 232 0
740 232 0
749 232 10
749 232 0
750 232 0
835 232 10
835 232 0
836 232 0
840 232 10
840 232 0
841 232 0
614 233 10
614 233 0
615 233 0
619 233 10
619 233 0
620 233 0
730 233 10
730 233 0
732 233 0
736 233 10
736 233 0
737 233 0
746 233 10
746 233 0
748 233 0
836 233 10
836 233 0
837 233 0
841 233 10
841 233 0
842 233 0
613 234 10
613 234 0
614 234 0
617 234 10
617 234 0
619 234 0
732 234 10
732 234 0
733 234 0
735 234 10
735 234 0
736 234 0
743 234 10
743 234 0
745 234 0
837 234 10
837 234 0
838 234 0
842 234 10
842 234 0
843 234 0
612 235 10
612 235 0
613 235 0
616 235 10
616 235 0
617 235 0
733 235 10
733 235 0
735 235 0
741 235 10
741 235 0
742 235 0
838 235 10
838 235 0
839 235 0
843 235 10
843 235 0
844 235 0
611 236 10
611 236 0
612 236 0
615 236 10
615 236 0
616 236 0
737 236 10
737 236 0
740 236 0
839 236 10
839 236 0
840 236 0
610 237 10
610 237 0
611 237 0
614 237 10
614 237 0
615 237 0
732 237 10
732 237 0
733 237 0
840 237 10
840 237 0
841 237 0
844 237 10
844 237 0
845 237 0
609 238 10
609 238 0
610 238 0
613 238 10
613 238 0
614 238 0
734 238 10
734 238 0
735 238 0
845 238 10
845 238 0
846 238 0
608 239 10
608 239 0
609 239 0
612 239 10
612 239 0
613 239 0
735 239 10
735 239 0
736 239 0
841 239 10
841 239 0
842 239 0
607 240 10
607 240 0
608 240 0
611 240 10
611 240 0
612 240 0
739 240 10
739 240 0
740 240 0
606 241 10
606 241 0
607 241 0
740 241 10
740 241 0
741 241 0
842 241 10
842 241 0
843 241 0
605 242 10
605 242 0
606 242 0
741 242 10
741 242 0
742 242 0
843 242 10
843 242 0
844 242 0
604 243 10
604 243 0
605 243 0
738 243 10
738 243 0
739 243 0
603 244 10
603 244 0
604 244 0
602 245 10
602 245 0
603 245 0
601 246 10
601 246 0
602 246 0
740 246 10
740 246 0
741 246 0
600 247 10
600 247 0
601 247 0
604 247 10
604 247 0
605 247 0
599 248 10
599 248 0
600 248 0
603 248 10
603 248 0
604 248 0
598 249 10
598 249 0
599 249 0
602 249 10
602 249 0
603 249 0
597 250 10
597 250 0
598 250 0
601 250 10
601 250 0
602 250 0
596 252 10
596 252 0
597 252 0
681 252 10
681 252 0
699 252 0
595 253 10
595 253 0
596 253 0
674 253 10
674 253 0
680 253 0
700 253 10
700 253 0
710 253 0
594 254 10
594 254 0
595 254 0
598 254 10
598 254 0
599 254 0
670 254 10
670 254 0
673 254 0
711 254 10
711 254 0
715 254 0
593 255 10
593 255 0
594 255 0
597 255 10
597 255 0
598 255 0
665 255 10
665 255 0
669 255 0
677 255 10
677 255 0
690 255 0
716 255 10
716 255 0
717 255 0
592 256 10
592 256 0
593 256 0
662 256 10
662 256 0
664 256 0
670 256 10
670 256 0
676 256 0
691 256 10
691 256 0
696 256 0
718 256 10
718 256 0
720 256 0
591 257 10
591 257 0
592 257 0
658 257 10
658 257 0
661 257 0
666 257 10
666 257 0
669 257 0
697 257 10
697 257 0
700 257 0
721 257 10
721 257 0
722 257 0
590 258 10
590 258 0
591 258 0
595 258 10
595 258 0
596 258 0
655 258 10
655 258 0
657 258 0
662 258 10
662 258 0
665 258 0
701 258 10
701 258 0
705 258 0
722 258 10
722 258 0
725 258 0
594 259 10
594 259 0
595 259 0
652 259 10
652 259 0
654 259 0
659 259 10
659 259 0
661 259 0
706 259 10
706 259 0
711 259 0
725 259 10
725 259 0
727 259 0
589 260 10
589 260 0
590 260 0
649 260 10
649 260 0
651 260 0
655 260 10
655 260 0
658 260 0
711 260 10
711 260 0
713 260 0
728 260 10
728 260 0
730 260 0
588 261 10
588 261 0
589 261 0
647 261 10
647 261 0
649 261 0
653 261 10
653 261 0
654 261 0
714 261 10
714 261 0
718 261 0
731 261 10
731 261 0
733 261 0
587 262 10
587 262 0
588 262 0
645 262 10
645 262 0
647 262 0
650 262 10
650 262 0
652 262 0
719 262 10
719 262 0
722 262 0
734 262 10
734 262 0
735 262 0
643 263 10
643 263 0
644 263 0
648 263 10
648 263 0
649 263 0
723 263 10
723 263 0
725 263 0
735 263 10
735 263 0
737 263 0
586 264 10
586 264 0
587 264 0
591 264 10
591 264 0
592 264 0
640 264 10
640 264 0
642 264 0
646 264 10
646 264 0
647 264 0
726 264 10
726 264 0
729 264 0
737 264 10
737 264 0
738 264 0
585 265 10
585 265 0
586 265 0
638 265 10
638 265 0
640 265 0
644 265 10
644 265 0
645 265 0
730 265 10
730 265 0
731 265 0
738 265 10
738 265 0
739 265 0
590 266 10
590 266 0
591 266 0
636 266 10
636 266 0
638 266 0
642 266 10
642 266 0
644 266 0
732 266 10
732 266 0
733 266 0
739 266 10
739 266 0
740 266 0
783 266 10
783 266 0
834 266 0
584 267 10
584 267 0
585 267 0
589 267 10
589 267 0
590 267 0
634 267 10
634 267 0
636 267 0
640 267 10
640 267 0
641 267 0
734 267 10
734 267 0
736 267 0
740 267 10
740 267 0
742 267 0
764 267 10
764 267 0
775 267 0
777 267 10
777 267 0
782 267 0
835 267 10
835 267 0
843 267 0
583 268 10
583 268 0
584 268 0
632 268 10
632 268 0
634 268 0
638 268 10
638 268 0
640 268 0
737 268 10
737 268 0
738 268 0
742 268 10
742 268 0
743 268 0
757 268 10
757 268 0
763 268 0
844 268 10
844 268 0
847 268 0
853 268 10
853 268 0
854 268 0
588 269 10
588 269 0
589 269 0
630 269 10
630 269 0
632 269 0
636 269 10
636 269 0
638 269 0
738 269 10
738 269 0
739 269 0
743 269 10
743 269 0
744 269 0
753 269 10
753 269 0
756 269 0
783 269 10
783 269 0
829 269 0
848 269 10
848 269 0
850 269 0
582 270 10
582 270 0
583 270 0
587 270 10
587 270 0
588 270 0
629 270 10
629 270 0
630 270 0
635 270 10
635 270 0
636 270 0
740 270 10
740 270 0
741 270 0
744 270 10
744 270 0
745 270 0
751 270 10
751 270 0
753 270 0
768 270 10
768 270 0
775 270 0
777 270 10
777 270 0
782 270 0
830 270 10
830 270 0
840 270 0
854 270 10
854 270 0
856 270 0
581 271 10
581 271 0
582 271 0
628 271 10
628 271 0
629 271 0
633 271 10
633 271 0
635 271 0
741 271 10
741 271 0
742 271 0
745 271 10
745 271 0
748 271 0
758 271 10
758 271 0
764 271 0
766 271 10
766 271 0
767 271 0
841 271 10
841 271 0
848 271 0
857 271 10
857 271 0
860 271 0
627 272 10
627 272 0
628 272 0
632 272 10
632 272 0
633 272 0
742 272 10
742 272 0
743 272 0
754 272 10
754 272 0
757 272 0
849 272 10
849 272 0
854 272 0
861 272 10
861 272 0
864 272 0
580 273 10
580 273 0
581 273 0
630 273 10
630 273 0
631 273 0
743 273 10
743 273 0
744 273 0
750 273 10
750 273 0
753 273 0
856 273 10
856 273 0
859 273 0
865 273 10
865 273 0
866 273 0
585 274 10
585 274 0
586 274 0
628 274 10
628 274 0
630 274 0
744 274 10
744 274 0
745 274 0
861 274 10
861 274 0
862 274 0
867 274 10
867 274 0
869 274 0
745 275 10
745 275 0
746 275 0
750 275 10
750 275 0
751 275 0
870 275 10
870 275 0
872 275 0
746 276 10
746 276 0
748 276 0
751 276 10
751 276 0
752 276 0
867 276 10
867 276 0
868 276 0
873 276 10
873 276 0
874 276 0
748 277 10
748 277 0
749 277 0
752 277 10
752 277 0
753 277 0
874 277 10
874 277 0
877 277 0
749 278 10
749 278 0
750 278 0
753 278 10
753 278 0
755 278 0
877 278 10
877 278 0
878 278 0
750 279 10
750 279 0
751 279 0
755 279 10
755 279 0
756 279 0
879 279 10
879 279 0
881 279 0
751 280 10
751 280 0
752 280 0
756 280 10
756 280 0
757 280 0
875 280 10
875 280 0
876 280 0
881 280 10
881 280 0
882 280 0
752 281 10
752 281 0
753 281 0
757 281 10
757 281 0
758 281 0
877 281 10
877 281 0
878 281 0
882 281 10
882 281 0
884 281 0
753 282 10
753 282 0
754 282 0
758 282 10
758 282 0
759 282 0
879 282 10
879 282 0
880 282 0
884 282 10
884 282 0
885 282 0
754 283 10
754 283 0
755 283 0
759 283 10
759 283 0
760 283 0
880 283 10
880 283 0
881 283 0
885 283 10
885 283 0
887 283 0
755 284 10
755 284 0
756 284 0
760 284 10
760 284 0
761 284 0
881 284 10
881 284 0
882 284 0
887 284 10
887 284 0
888 284 0
580 285 10
580 285 0
581 285 0
756 285 10
756 285 0
757 285 0
761 285 10
761 285 0
762 285 0
882 285 10
882 285 0
883 285 0
888 285 10
888 285 0
889 285 0
579 286 10
579 286 0
580 286 0
718 286 10
718 286 0
751 286 0
883 286 10
883 286 0
884 286 0
889 286 10
889 286 0
890 286 0
710 287 10
710 287 0
717 287 0
752 287 10
752 287 0
757 287 0
762 287 10
762 287 0
763 287 0
884 287 10
884 287 0
885 287 0
890 287 10
890 287 0
891 287 0
703 288 10
703 288 0
709 288 0
763 288 10
763 288 0
764 288 0
885 288 10
885 288 0
886 288 0
891 288 10
891 288 0
892 288 0
697 289 10
697 289 0
702 289 0
710 289 10
710 289 0
754 289 0
764 289 10
764 289 0
766 289 0
828 289 10
828 289 0
831 289 0
834 289 10
834 289 0
835 289 0
886 289 10
886 289 0
887 289 0
892 289 10
892 289 0
893 289 0
693 290 10
693 290 0
696 290 0
703 290 10
703 290 0
708 290 0
755 290 10
755 290 0
759 290 0
767 290 10
767 290 0
768 290 0
816 290 10
816 290 0
827 290 0
832 290 10
832 290 0
833 290 0
836 290 10
836 290 0
858 290 0
887 290 10
887 290 0
888 290 0
689 291 10
689 291 0
692 291 0
698 291 10
698 291 0
702 291 0
760 291 10
760 291 0
763 291 0
769 291 10
769 291 0
770 291 0
810 291 10
810 291 0
815 291 0
859 291 10
859 291 0
866 291 0
685 292 10
685 292 0
688 292 0
694 292 10
694 292 0
697 292 0
764 292 10
764 292 0
765 292 0
771 292 10
771 292 0
773 292 0
806 292 10
806 292 0
809 292 0
867 292 10
867 292 0
874 292 0
888 292 10
888 292 0
890 292 0
683 293 10
683 293 0
684 293 0
691 293 10
691 293 0
693 293 0
766 293 10
766 293 0
767 293 0
773 293 10
773 293 0
774 293 0
801 293 10
801 293 0
805 293 0
822 293 10
822 293 0
830 293 0
832 293 10
832 293 0
834 293 0
836 293 10
836 293 0
857 293 0
875 293 10
875 293 0
881 293 0
679 294 10
679 294 0
682 294 0
688 294 10
688 294 0
690 294 0
767 294 10
767 294 0
770 294 0
774 294 10
774 294 0
775 294 0
797 294 10
797 294 0
800 294 0
816 294 10
816 294 0
821 294 0
858 294 10
858 294 0
865 294 0
882 294 10
882 294 0
889 294 0
677 295 10
677 295 0
678 295 0
685 295 10
685 295 0
687 295 0
715 295 10
715 295 0
724 295 0
727 295 10
727 295 0
730 295 0
770 295 10
770 295 0
771 295 0
775 295 10
775 295 0
776 295 0
795 295 10
795 295 0
796 295 0
811 295 10
811 295 0
815 295 0
866 295 10
866 295 0
874 295 0
895 295 10
895 295 0
896 295 0
675 296 10
675 296 0
677 296 0
683 296 10
683 296 0
685 296 0
705 296 10
705 296 0
714 296 0
725 296 10
725 296 0
726 296 0
731 296 10
731 296 0
741 296 0
771 296 10
771 296 0
772 296 0
776 296 10
776 296 0
777 296 0
792 296 10
792 296 0
794 296 0
806 296 10
806 296 0
810 296 0
875 296 10
875 296 0
882 296 0
897 296 10
897 296 0
899 296 0
672 297 10
672 297 0
675 297 0
680 297 10
680 297 0
682 297 0
699 297 10
699 297 0
704 297 0
742 297 10
742 297 0
748 297 0
772 297 10
772 297 0
774 297 0
777 297 10
777 297 0
778 297 0
789 297 10
789 297 0
792 297 0
803 297 10
803 297 0
805 297 0
883 297 10
883 297 0
888 297 0
899 297 10
899 297 0
901 297 0
670 298 10
670 298 0
671 298 0
678 298 10
678 298 0
680 298 0
695 298 10
695 298 0
698 298 0
709 298 10
709 298 0
739 298 0
749 298 10
749 298 0
755 298 0
774 298 10
774 298 0
775 298 0
787 298 10
787 298 0
788 298 0
798 298 10
798 298 0
802 298 0
889 298 10
889 298 0
892 298 0
901 298 10
901 298 0
903 298 0
668 299 10
668 299 0
670 299 0
676 299 10
676 299 0
677 299 0
692 299 10
692 299 0
694 299 0
703 299 10
703 299 0
708 299 0
740 299 10
740 299 0
748 299 0
756 299 10
756 299 0
759 299 0
775 299 10
775 299 0
776 299 0
778 299 10
778 299 0
779 299 0
784 299 10
784 299 0
786 299 0
794 299 10
794 299 0
797 299 0
812 299 10
812 299 0
860 299 0
893 299 10
893 299 0
896 299 0
903 299 10
903 299 0
904 299 0
666 300 10
666 300 0
668 300 0
674 300 10
674 300 0
675 300 0
689 300 10
689 300 0
691 300 0
699 300 10
699 300 0
702 300 0
749 300 10
749 300 0
755 300 0
760 300 10
760 300 0
762 300 0
779 300 10
779 300 0
783 300 0
791 300 10
791 300 0
793 300 0
806 300 10
806 300 0
811 300 0
861 300 10
861 300 0
871 300 0
897 300 10
897 300 0
899 300 0
904 300 10
904 300 0
905 300 0
569 301 10
569 301 0
573 301 0
665 301 10
665 301 0
666 301 0
672 301 10
672 301 0
673 301 0
687 301 10
687 301 0
689 301 0
695 301 10
695 301 0
698 301 0
756 301 10
756 301 0
759 301 0
763 301 10
763 301 0
765 301 0
776 301 10
776 301 0
777 301 0
780 301 10
780 301 0
781 301 0
788 301 10
788 301 0
790 301 0
803 301 10
803 301 0
805 301 0
872 301 10
872 301 0
877 301 0
900 301 10
900 301 0
901 301 0
566 302 10
566 302 0
568 302 0
664 302 10
664 302 0
665 302 0
670 302 10
670 302 0
671 302 0
684 302 10
684 302 0
686 302 0
692 302 10
692 302 0
694 302 0
760 302 10
760 302 0
762 302 0
766 302 10
766 302 0
768 302 0
785 302 10
785 302 0
787 302 0
800 302 10
800 302 0
803 302 0
819 302 10
819 302 0
863 302 0
878 302 10
878 302 0
883 302 0
901 302 10
901 302 0
902 302 0
905 302 10
905 302 0
906 302 0
564 303 10
564 303 0
566 303 0
662 303 10
662 303 0
663 303 0
668 303 10
668 303 0
670 303 0
682 303 10
682 303 0
683 303 0
691 303 10
691 303 0
692 303 0
764 303 10
764 303 0
765 303 0
769 303 10
769 303 0
771 303 0
783 303 10
783 303 0
784 303 0
798 303 10
798 303 0
799 303 0
811 303 10
811 303 0
818 303 0
864 303 10
864 303 0
873 303 0
884 303 10
884 303 0
886 303 0
902 303 10
902 303 0
903 303 0
906 303 10
906 303 0
907 303 0
562 304 10
562 304 0
563 304 0
661 304 10
661 304 0
662 304 0
667 304 10
667 304 0
668 304 0
680 304 10
680 304 0
681 304 0
689 304 10
689 304 0
690 304 0
766 304 10
766 304 0
768 304 0
771 304 10
771 304 0
773 304 0
776 304 10
776 304 0
777 304 0
780 304 10
780 304 0
782 304 0
797 304 10
797 304 0
798 304 0
806 304 10
806 304 0
810 304 0
874 304 10
874 304 0
878 304 0
887 304 10
887 304 0
891 304 0
903 304 10
903 304 0
904 304 0
560 305 10
560 305 0
562 305 0
568 305 10
568 305 0
569 305 0
659 305 10
659 305 0
660 305 0
665 305 10
665 305 0
667 305 0
679 305 10
679 305 0
680 305 0
685 305 10
685 305 0
688 305 0
768 305 10
768 305 0
769 305 0
774 305 10
774 305 0
776 305 0
793 305 10
793 305 0
796 305 0
802 305 10
802 305 0
805 305 0
879 305 10
879 305 0
882 305 0
892 305 10
892 305 0
893 305 0
559 306 10
559 306 0
560 306 0
566 306 10
566 306 0
568 306 0
657 306 10
657 306 0
659 306 0
663 306 10
663 306 0
665 306 0
678 306 10
678 306 0
679 306 0
684 306 10
684 306 0
685 306 0
770 306 10
770 306 0
771 306 0
792 306 10
792 306 0
793 306 0
800 306 10
800 306 0
801 306 0
883 306 10
883 306 0
887 306 0
894 306 10
894 306 0
897 306 0
557 307 10
557 307 0
559 307 0
564 307 10
564 307 0
566 307 0
655 307 10
655 307 0
656 307 0
661 307 10
661 307 0
663 307 0
676 307 10
676 307 0
678 307 0
682 307 10
682 307 0
684 307 0
771 307 10
771 307 0
772 307 0
788 307 10
788 307 0
791 307 0
798 307 10
798 307 0
800 307 0
888 307 10
888 307 0
890 307 0
898 307 10
898 307 0
899 307 0
556 308 10
556 308 0
557 308 0
562 308 10
562 308 0
564 308 0
653 308 10
653 308 0
654 308 0
659 308 10
659 308 0
661 308 0
674 308 10
674 308 0
675 308 0
680 308 10
680 308 0
682 308 0
772 308 10
772 308 0
773 308 0
785 308 10
785 308 0
787 308 0
795 308 10
795 308 0
798 308 0
891 308 10
891 308 0
892 308 0
899 308 10
899 308 0
900 308 0
555 309 10
555 309 0
556 309 0
561 309 10
561 309 0
562 309 0
651 309 10
651 309 0
652 309 0
658 309 10
658 309 0
659 309 0
673 309 10
673 309 0
674 309 0
678 309 10
678 309 0
680 309 0
773 309 10
773 309 0
774 309 0
778 309 10
778 309 0
779 309 0
782 309 10
782 309 0
784 309 0
793 309 10
793 309 0
795 309 0
893 309 10
893 309 0
895 309 0
901 309 10
901 309 0
902 309 0
553 310 10
553 310 0
555 310 0
559 310 10
559 310 0
561 310 0
648 310 10
648 310 0
650 310 0
657 310 10
657 310 0
658 310 0
671 310 10
671 310 0
672 310 0
676 310 10
676 310 0
678 310 0
774 310 10
774 310 0
775 310 0
779 310 10
779 310 0
780 310 0
792 310 10
792 310 0
793 310 0
895 310 10
895 310 0
897 310 0
552 311 10
552 311 0
553 311 0
557 311 10
557 311 0
559 311 0
644 311 10
644 311 0
647 311 0
655 311 10
655 311 0
656 311 0
669 311 10
669 311 0
671 311 0
674 311 10
674 311 0
676 311 0
775 311 10
775 311 0
776 311 0
787 311 10
787 311 0
791 311 0
898 311 10
898 311 0
899 311 0
551 312 10
551 312 0
552 312 0
556 312 10
556 312 0
557 312 0
640 312 10
640 312 0
643 312 0
653 312 10
653 312 0
654 312 0
666 312 10
666 312 0
669 312 0
673 312 10
673 312 0
674 312 0
776 312 10
776 312 0
777 312 0
785 312 10
785 312 0
786 312 0
900 312 10
900 312 0
901 312 0
550 313 10
550 313 0
551 313 0
554 313 10
554 313 0
555 313 0
635 313 10
635 313 0
639 313 0
651 313 10
651 313 0
652 313 0
665 313 10
665 313 0
666 313 0
671 313 10
671 313 0
673 313 0
777 313 10
777 313 0
778 313 0
781 313 10
781 313 0
782 313 0
901 313 10
901 313 0
903 313 0
907 313 10
907 313 0
909 313 0
549 314 10
549 314 0
550 314 0
553 314 10
553 314 0
554 314 0
649 314 10
649 314 0
650 314 0
663 314 10
663 314 0
665 314 0
669 314 10
669 314 0
671 314 0
778 314 10
778 314 0
779 314 0
782 314 10
782 314 0
783 314 0
903 314 10
903 314 0
905 314 0
909 314 10
909 314 0
910 314 0
548 315 10
548 315 0
549 315 0
646 315 10
646 315 0
648 315 0
660 315 10
660 315 0
663 315 0
667 315 10
667 315 0
669 315 0
779 315 10
779 315 0
780 315 0
783 315 10
783 315 0
784 315 0
863 315 10
863 315 0
866 315 0
868 315 10
868 315 0
869 315 0
905 315 10
905 315 0
906 315 0
910 315 10
910 315 0
911 315 0
547 316 10
547 316 0
548 316 0
634 316 10
634 316 0
639 316 0
641 316 10
641 316 0
645 316 0
658 316 10
658 316 0
660 316 0
666 316 10
666 316 0
667 316 0
765 316 10
765 316 0
776 316 0
780 316 10
780 316 0
781 316 0
784 316 10
784 316 0
785 316 0
855 316 10
855 316 0
862 316 0
870 316 10
870 316 0
871 316 0
873 316 10
873 316 0
888 316 0
906 316 10
906 316 0
907 316 0
911 316 10
911 316 0
912 316 0
546 317 10
546 317 0
547 317 0
656 317 10
656 317 0
658 317 0
664 317 10
664 317 0
665 317 0
760 317 10
760 317 0
764 317 0
777 317 10
777 317 0
779 317 0
846 317 10
846 317 0
854 317 0
889 317 10
889 317 0
895 317 0
907 317 10
907 317 0
908 317 0
912 317 10
912 317 0
913 317 0
545 318 10
545 318 0
546 318 0
655 318 10
655 318 0
656 318 0
662 318 10
662 318 0
663 318 0
755 318 10
755 318 0
759 318 0
780 318 10
780 318 0
781 318 0
838 318 10
838 318 0
845 318 0
862 318 10
862 318 0
879 318 0
896 318 10
896 318 0
898 318 0
908 318 10
908 318 0
909 318 0
544 319 10
544 319 0
545 319 0
653 319 10
653 319 0
654 319 0
660 319 10
660 319 0
662 319 0
750 319 10
750 319 0
754 319 0
830 319 10
830 319 0
837 319 0
880 319 10
880 319 0
881 319 0
883 319 10
883 319 0
890 319 0
899 319 10
899 319 0
901 319 0
909 319 10
909 319 0
910 319 0
913 319 10
913 319 0
914 319 0
543 320 10
543 320 0
544 320 0
651 320 10
651 320 0
652 320 0
658 320 10
658 320 0
660 320 0
746 320 10
746 320 0
749 320 0
759 320 10
759 320 0
780 320 0
823 320 10
823 320 0
829 320 0
861 320 10
861 320 0
869 320 0
891 320 10
891 320 0
894 320 0
902 320 10
902 320 0
904 320 0
914 320 10
914 320 0
915 320 0
542 321 10
542 321 0
543 321 0
648 321 10
648 321 0
650 321 0
656 321 10
656 321 0
657 321 0
742 321 10
742 321 0
744 321 0
752 321 10
752 321 0
758 321 0
781 321 10
781 321 0
782 321 0
785 321 10
785 321 0
786 321 0
818 321 10
818 321 0
822 321 0
841 321 10
841 321 0
843 321 0
870 321 10
870 321 0
871 321 0
895 321 10
895 321 0
897 321 0
904 321 10
904 321 0
905 321 0
910 321 10
910 321 0
911 321 0
644 322 10
644 322 0
647 322 0
654 322 10
654 322 0
656 322 0
737 322 10
737 322 0
739 322 0
747 322 10
747 322 0
751 322 0
782 322 10
782 322 0
783 322 0
813 322 10
813 322 0
817 322 0
837 322 10
837 322 0
839 322 0
872 322 10
872 322 0
874 322 0
898 322 10
898 322 0
901 322 0
906 322 10
906 322 0
907 322 0
541 323 10
541 323 0
542 323 0
637 323 10
637 323 0
643 323 0
652 323 10
652 323 0
653 323 0
732 323 10
732 323 0
735 323 0
742 323 10
742 323 0
746 323 0
808 323 10
808 323 0
812 323 0
832 323 10
832 323 0
836 323 0
841 323 10
841 323 0
843 323 0
874 323 10
874 323 0
875 323 0
901 323 10
901 323 0
902 323 0
908 323 10
908 323 0
912 323 0
540 324 10
540 324 0
541 324 0
626 324 10
626 324 0
636 324 0
649 324 10
649 324 0
651 324 0
727 324 10
727 324 0
729 324 0
737 324 10
737 324 0
741 324 0
783 324 10
783 324 0
784 324 0
805 324 10
805 324 0
807 324 0
827 324 10
827 324 0
831 324 0
839 324 10
839 324 0
840 324 0
875 324 10
875 324 0
877 324 0
902 324 10
902 324 0
904 324 0
539 325 10
539 325 0
540 325 0
622 325 10
622 325 0
625 325 0
646 325 10
646 325 0
648 325 0
724 325 10
724 325 0
726 325 0
730 325 10
730 325 0
736 325 0
784 325 10
784 325 0
785 325 0
801 325 10
801 325 0
804 325 0
820 325 10
820 325 0
826 325 0
837 325 10
837 325 0
838 325 0
877 325 10
877 325 0
878 325 0
905 325 10
905 325 0
907 325 0
542 326 10
542 326 0
543 326 0
621 326 10
621 326 0
622 326 0
641 326 10
641 326 0
645 326 0
719 326 10
719 326 0
723 326 0
727 326 10
727 326 0
728 326 0
796 326 10
796 326 0
800 326 0
815 326 10
815 326 0
819 326 0
836 326 10
836 326 0
837 326 0
878 326 10
878 326 0
879 326 0
908 326 10
908 326 0
910 326 0
538 327 10
538 327 0
539 327 0
620 327 10
620 327 0
621 327 0
631 327 10
631 327 0
640 327 0
714 327 10
714 327 0
718 327 0
729 327 10
729 327 0
746 327 0
793 327 10
793 327 0
795 327 0
809 327 10
809 327 0
814 327 0
835 327 10
835 327 0
836 327 0
879 327 10
879 327 0
880 327 0
910 327 10
910 327 0
911 327 0
537 328 10
537 328 0
538 328 0
625 328 10
625 328 0
630 328 0
709 328 10
709 328 0
713 328 0
726 328 10
726 328 0
728 328 0
747 328 10
747 328 0
748 328 0
788 328 10
788 328 0
792 328 0
803 328 10
803 328 0
808 328 0
834 328 10
834 328 0
835 328 0
880 328 10
880 328 0
881 328 0
911 328 10
911 328 0
912 328 0
540 329 10
540 329 0
541 329 0
623 329 10
623 329 0
624 329 0
704 329 10
704 329 0
707 329 0
749 329 10
749 329 0
751 329 0
798 329 10
798 329 0
802 329 0
833 329 10
833 329 0
834 329 0
536 330 10
536 330 0
537 330 0
700 330 10
700 330 0
703 330 0
709 330 10
709 330 0
711 330 0
751 330 10
751 330 0
752 330 0
792 330 10
792 330 0
797 330 0
832 330 10
832 330 0
833 330 0
535 331 10
535 331 0
536 331 0
695 331 10
695 331 0
698 331 0
705 331 10
705 331 0
708 331 0
712 331 10
712 331 0
713 331 0
752 331 10
752 331 0
753 331 0
788 331 10
788 331 0
791 331 0
831 331 10
831 331 0
832 331 0
882 331 10
882 331 0
883 331 0
538 332 10
538 332 0
539 332 0
623 332 10
623 332 0
624 332 0
690 332 10
690 332 0
693 332 0
700 332 10
700 332 0
704 332 0
709 332 10
709 332 0
711 332 0
753 332 10
753 332 0
755 332 0
830 332 10
830 332 0
831 332 0
883 332 10
883 332 0
884 332 0
534 333 10
534 333 0
535 333 0
624 333 10
624 333 0
631 333 0
685 333 10
685 333 0
688 333 0
696 333 10
696 333 0
699 333 0
708 333 10
708 333 0
709 333 0
755 333 10
755 333 0
756 333 0
533 334 10
533 334 0
534 334 0
620 334 10
620 334 0
622 334 0
632 334 10
632 334 0
638 334 0
678 334 10
678 334 0
682 334 0
691 334 10
691 334 0
695 334 0
707 334 10
707 334 0
708 334 0
756 334 10
756 334 0
757 334 0
829 334 10
829 334 0
830 334 0
884 334 10
884 334 0
885 334 0
536 335 10
536 335 0
537 335 0
622 335 10
622 335 0
623 335 0
639 335 10
639 335 0
642 335 0
672 335 10
672 335 0
677 335 0
686 335 10
686 335 0
690 335 0
706 335 10
706 335 0
707 335 0
757 335 10
757 335 0
758 335 0
828 335 10
828 335 0
829 335 0
532 336 10
532 336 0
533 336 0
624 336 10
624 336 0
625 336 0
643 336 10
643 336 0
648 336 0
664 336 10
664 336 0
671 336 0
680 336 10
680 336 0
685 336 0
705 336 10
705 336 0
706 336 0
535 337 10
535 337 0
536 337 0
626 337 10
626 337 0
628 337 0
649 337 10
649 337 0
663 337 0
676 337 10
676 337 0
679 337 0
704 337 10
704 337 0
705 337 0
827 337 10
827 337 0
828 337 0
531 338 10
531 338 0
532 338 0
565 338 10
565 338 0
567 338 0
629 338 10
629 338 0
632 338 0
669 338 10
669 338 0
675 338 0
703 338 10
703 338 0
704 338 0
759 338 10
759 338 0
760 338 0
530 339 10
530 339 0
531 339 0
566 339 10
566 339 0
567 339 0
633 339 10
633 339 0
640 339 0
662 339 10
662 339 0
668 339 0
702 339 10
702 339 0
703 339 0
760 339 10
760 339 0
761 339 0
641 340 10
641 340 0
648 340 0
654 340 10
654 340 0
661 340 0
911 340 10
911 340 0
912 340 0
533 341 10
533 341 0
534 341 0
648 341 10
648 341 0
649 341 0
653 341 10
653 341 0
654 341 0
701 341 10
701 341 0
702 341 0
761 341 10
761 341 0
762 341 0
782 341 10
782 341 0
783 341 0
649 342 10
649 342 0
650 342 0
654 342 10
654 342 0
656 342 0
700 342 10
700 342 0
701 342 0
762 342 10
762 342 0
763 342 0
910 342 10
910 342 0
911 342 0
528 343 10
528 343 0
529 343 0
532 343 10
532 343 0
533 343 0
650 343 10
650 343 0
651 343 0
656 343 10
656 343 0
657 343 0
909 343 10
909 343 0
910 343 0
913 343 10
913 343 0
914 343 0
651 344 10
651 344 0
652 344 0
657 344 10
657 344 0
658 344 0
763 344 10
763 344 0
764 344 0
908 344 10
908 344 0
909 344 0
912 344 10
912 344 0
913 344 0
527 345 10
527 345 0
528 345 0
531 345 10
531 345 0
532 345 0
652 345 10
652 345 0
654 345 0
658 345 10
658 345 0
660 345 0
907 345 10
907 345 0
908 345 0
911 345 10
911 345 0
912 345 0
654 346 10
654 346 0
655 346 0
660 346 10
660 346 0
661 346 0
698 346 10
698 346 0
699 346 0
905 346 10
905 346 0
907 346 0
910 346 10
910 346 0
911 346 0
526 347 10
526 347 0
527 347 0
530 347 10
530 347 0
531 347 0
655 347 10
655 347 0
656 347 0
661 347 10
661 347 0
662 347 0
784 347 10
784 347 0
785 347 0
903 347 10
903 347 0
904 347 0
909 347 10
909 347 0
910 347 0
525 348 10
525 348 0
526 348 0
657 348 10
657 348 0
658 348 0
662 348 10
662 348 0
663 348 0
779 348 10
779 348 0
780 348 0
783 348 10
783 348 0
784 348 0
901 348 10
901 348 0
902 348 0
658 349 10
658 349 0
660 349 0
664 349 10
664 349 0
665 349 0
778 349 10
778 349 0
779 349 0
898 349 10
898 349 0
900 349 0
660 350 10
660 350 0
661 350 0
665 350 10
665 350 0
666 350 0
776 350 10
776 350 0
778 350 0
894 350 10
894 350 0
897 350 0
903 350 10
903 350 0
906 350 0
524 351 10
524 351 0
525 351 0
528 351 10
528 351 0
529 351 0
666 351 10
666 351 0
668 351 0
774 351 10
774 351 0
776 351 0
783 351 10
783 351 0
784 351 0
888 351 10
888 351 0
893 351 0
900 351 10
900 351 0
902 351 0
523 352 10
523 352 0
524 352 0
663 352 10
663 352 0
664 352 0
668 352 10
668 352 0
670 352 0
772 352 10
772 352 0
774 352 0
778 352 10
778 352 0
780 352 0
784 352 10
784 352 0
789 352 0
898 352 10
898 352 0
899 352 0
527 353 10
527 353 0
528 353 0
664 353 10
664 353 0
665 353 0
671 353 10
671 353 0
672 353 0
770 353 10
770 353 0
771 353 0
776 353 10
776 353 0
777 353 0
780 353 10
780 353 0
781 353 0
790 353 10
790 353 0
794 353 0
894 353 10
894 353 0
897 353 0
666 354 10
666 354 0
667 354 0
672 354 10
672 354 0
674 354 0
767 354 10
767 354 0
769 354 0
774 354 10
774 354 0
776 354 0
781 354 10
781 354 0
782 354 0
795 354 10
795 354 0
798 354 0
889 354 10
889 354 0
893 354 0
522 355 10
522 355 0
523 355 0
526 355 10
526 355 0
527 355 0
669 355 10
669 355 0
670 355 0
675 355 10
675 355 0
676 355 0
772 355 10
772 355 0
774 355 0
799 355 10
799 355 0
802 355 0
885 355 10
885 355 0
888 355 0
525 356 10
525 356 0
526 356 0
651 356 10
651 356 0
654 356 0
670 356 10
670 356 0
672 356 0
677 356 10
677 356 0
679 356 0
769 356 10
769 356 0
771 356 0
785 356 10
785 356 0
792 356 0
803 356 10
803 356 0
806 356 0
880 356 10
880 356 0
884 356 0
904 356 10
904 356 0
905 356 0
655 357 10
655 357 0
658 357 0
673 357 10
673 357 0
674 357 0
680 357 10
680 357 0
682 357 0
767 357 10
767 357 0
769 357 0
793 357 10
793 357 0
794 357 0
807 357 10
807 357 0
810 357 0
875 357 10
875 357 0
879 357 0
903 357 10
903 357 0
904 357 0
907 357 10
907 357 0
908 357 0
651 358 10
651 358 0
652 358 0
658 358 10
658 358 0
659 358 0
675 358 10
675 358 0
676 358 0
683 358 10
683 358 0
685 358 0
765 358 10
765 358 0
766 358 0
795 358 10
795 358 0
798 358 0
811 358 10
811 358 0
815 358 0
868 358 10
868 358 0
874 358 0
902 358 10
902 358 0
903 358 0
906 358 10
906 358 0
907 358 0
520 359 10
520 359 0
521 359 0
524 359 10
524 359 0
525 359 0
652 359 10
652 359 0
653 359 0
659 359 10
659 359 0
662 359 0
677 359 10
677 359 0
678 359 0
686 359 10
686 359 0
687 359 0
762 359 10
762 359 0
764 359 0
780 359 10
780 359 0
781 359 0
799 359 10
799 359 0
802 359 0
816 359 10
816 359 0
825 359 0
862 359 10
862 359 0
867 359 0
901 359 10
901 359 0
902 359 0
654 360 10
654 360 0
656 360 0
662 360 10
662 360 0
664 360 0
679 360 10
679 360 0
681 360 0
688 360 10
688 360 0
691 360 0
759 360 10
759 360 0
761 360 0
783 360 10
783 360 0
784 360 0
803 360 10
803 360 0
808 360 0
854 360 10
854 360 0
861 360 0
899 360 10
899 360 0
901 360 0
905 360 10
905 360 0
906 360 0
657 361 10
657 361 0
659 361 0
664 361 10
664 361 0
666 361 0
682 361 10
682 361 0
684 361 0
692 361 10
692 361 0
697 361 0
756 361 10
756 361 0
758 361 0
779 361 10
779 361 0
780 361 0
809 361 10
809 361 0
812 361 0
846 361 10
846 361 0
853 361 0
894 361 10
894 361 0
898 361 0
903 361 10
903 361 0
905 361 0
660 362 10
660 362 0
661 362 0
666 362 10
666 362 0
667 362 0
685 362 10
685 362 0
688 362 0
751 362 10
751 362 0
755 362 0
777 362 10
777 362 0
779 362 0
813 362 10
813 362 0
845 362 0
891 362 10
891 362 0
893 362 0
902 362 10
902 362 0
903 362 0
661 363 10
661 363 0
662 363 0
668 363 10
668 363 0
669 363 0
688 363 10
688 363 0
691 363 0
747 363 10
747 363 0
750 363 0
776 363 10
776 363 0
777 363 0
781 363 10
781 363 0
782 363 0
890 363 10
890 363 0
891 363 0
900 363 10
900 363 0
902 363 0
663 364 10
663 364 0
664 364 0
670 364 10
670 364 0
672 364 0
692 364 10
692 364 0
695 364 0
742 364 10
742 364 0
746 364 0
775 364 10
775 364 0
776 364 0
780 364 10
780 364 0
781 364 0
787 364 10
787 364 0
794 364 0
879 364 10
879 364 0
889 364 0
896 364 10
896 364 0
899 364 0
521 365 10
521 365 0
522 365 0
665 365 10
665 365 0
666 365 0
672 365 10
672 365 0
674 365 0
696 365 10
696 365 0
700 365 0
736 365 10
736 365 0
741 365 0
773 365 10
773 365 0
774 365 0
778 365 10
778 365 0
780 365 0
795 365 10
795 365 0
800 365 0
870 365 10
870 365 0
878 365 0
893 365 10
893 365 0
895 365 0
666 366 10
666 366 0
668 366 0
675 366 10
675 366 0
676 366 0
701 366 10
701 366 0
723 366 0
725 366 10
725 366 0
735 366 0
770 366 10
770 366 0
773 366 0
777 366 10
777 366 0
778 366 0
801 366 10
801 366 0
804 366 0
864 366 10
864 366 0
869 366 0
891 366 10
891 366 0
893 366 0
668 367 10
668 367 0
670 367 0
677 367 10
677 367 0
679 367 0
768 367 10
768 367 0
769 367 0
775 367 10
775 367 0
777 367 0
787 367 10
787 367 0
790 367 0
805 367 10
805 367 0
809 367 0
859 367 10
859 367 0
863 367 0
881 367 10
881 367 0
886 367 0
889 367 10
889 367 0
891 367 0
671 368 10
671 368 0
672 368 0
679 368 10
679 368 0
680 368 0
764 368 10
764 368 0
768 368 0
773 368 10
773 368 0
774 368 0
791 368 10
791 368 0
797 368 0
810 368 10
810 368 0
814 368 0
853 368 10
853 368 0
858 368 0
872 368 10
872 368 0
880 368 0
888 368 10
888 368 0
889 368 0
672 369 10
672 369 0
676 369 0
680 369 10
680 369 0
682 369 0
761 369 10
761 369 0
763 369 0
771 369 10
771 369 0
773 369 0
798 369 10
798 369 0
801 369 0
815 369 10
815 369 0
819 369 0
845 369 10
845 369 0
852 369 0
862 369 10
862 369 0
869 369 0
676 370 10
676 370 0
677 370 0
683 370 10
683 370 0
685 370 0
757 370 10
757 370 0
760 370 0
768 370 10
768 370 0
770 370 0
802 370 10
802 370 0
805 370 0
820 370 10
820 370 0
832 370 0
835 370 10
835 370 0
844 370 0
855 370 10
855 370 0
861 370 0
884 370 10
884 370 0
885 370 0
678 371 10
678 371 0
681 371 0
686 371 10
686 371 0
690 371 0
752 371 10
752 371 0
756 371 0
765 371 10
765 371 0
767 371 0
806 371 10
806 371 0
809 371 0
833 371 10
833 371 0
834 371 0
850 371 10
850 371 0
854 371 0
682 372 10
682 372 0
684 372 0
691 372 10
691 372 0
697 372 0
745 372 10
745 372 0
751 372 0
761 372 10
761 372 0
764 372 0
810 372 10
810 372 0
813 372 0
844 372 10
844 372 0
849 372 0
886 372 10
886 372 0
887 372 0
518 373 10
518 373 0
519 373 0
685 373 10
685 373 0
689 373 0
698 373 10
698 373 0
744 373 0
756 373 10
756 373 0
760 373 0
814 373 10
814 373 0
822 373 0
824 373 10
824 373 0
831 373 0
834 373 10
834 373 0
843 373 0
882 373 10
882 373 0
883 373 0
690 374 10
690 374 0
695 374 0
750 374 10
750 374 0
755 374 0
832 374 10
832 374 0
833 374 0
881 374 10
881 374 0
882 374 0
885 374 10
885 374 0
886 374 0
696 375 10
696 375 0
699 375 0
742 375 10
742 375 0
749 375 0
880 375 10
880 375 0
881 375 0
884 375 10
884 375 0
885 375 0
700 376 10
700 376 0
741 376 0
879 376 10
879 376 0
880 376 0
883 376 10
883 376 0
884 376 0
878 377 10
878 377 0
879 377 0
882 377 10
882 377 0
883 377 0
877 378 10
877 378 0
878 378 0
881 378 10
881 378 0
882 378 0
753 379 10
753 379 0
756 379 0
876 379 10
876 379 0
877 379 0
751 380 10
751 380 0
753 380 0
875 380 10
875 380 0
876 380 0
880 380 10
880 380 0
881 380 0
749 381 10
749 381 0
750 381 0
754 381 10
754 381 0
756 381 0
873 381 10
873 381 0
875 381 0
879 381 10
879 381 0
880 381 0
747 382 10
747 382 0
748 382 0
752 382 10
752 382 0
754 382 0
871 382 10
871 382 0
873 382 0
877 382 10
877 382 0
879 382 0
745 383 10
745 383 0
746 383 0
750 383 10
750 383 0
752 383 0
870 383 10
870 383 0
871 383 0
876 383 10
876 383 0
877 383 0
742 384 10
742 384 0
744 384 0
748 384 10
748 384 0
749 384 0
868 384 10
868 384 0
869 384 0
874 384 10
874 384 0
876 384 0
739 385 10
739 385 0
741 385 0
747 385 10
747 385 0
748 385 0
865 385 10
865 385 0
868 385 0
873 385 10
873 385 0
874 385 0
737 386 10
737 386 0
739 386 0
745 386 10
745 386 0
746 386 0
790 386 10
790 386 0
793 386 0
863 386 10
863 386 0
865 386 0
871 386 10
871 386 0
873 386 0
735 387 10
735 387 0
737 387 0
743 387 10
743 387 0
744 387 0
793 387 10
793 387 0
794 387 0
861 387 10
861 387 0
863 387 0
869 387 10
869 387 0
871 387 0
734 388 10
734 388 0
735 388 0
740 388 10
740 388 0
742 388 0
790 388 10
790 388 0
791 388 0
795 388 10
795 388 0
797 388 0
858 388 10
858 388 0
860 388 0
867 388 10
867 388 0
869 388 0
731 389 10
731 389 0
734 389 0
738 389 10
738 389 0
739 389 0
791 389 10
791 389 0
793 389 0
797 389 10
797 389 0
800 389 0
856 389 10
856 389 0
857 389 0
865 389 10
865 389 0
867 389 0
729 390 10
729 390 0
731 390 0
736 390 10
736 390 0
737 390 0
793 390 10
793 390 0
794 390 0
800 390 10
800 390 0
801 390 0
852 390 10
852 390 0
855 390 0
863 390 10
863 390 0
864 390 0
727 391 10
727 391 0
729 391 0
733 391 10
733 391 0
736 391 0
794 391 10
794 391 0
797 391 0
802 391 10
802 391 0
804 391 0
848 391 10
848 391 0
851 391 0
726 392 10
726 392 0
727 392 0
732 392 10
732 392 0
733 392 0
797 392 10
797 392 0
798 392 0
805 392 10
805 392 0
806 392 0
841 392 10
841 392 0
847 392 0
857 392 10
857 392 0
858 392 0
863 392 10
863 392 0
865 392 0
723 393 10
723 393 0
725 393 0
729 393 10
729 393 0
732 393 0
799 393 10
799 393 0
800 393 0
807 393 10
807 393 0
840 393 0
853 393 10
853 393 0
856 393 0
859 393 10
859 393 0
860 393 0
865 393 10
865 393 0
866 393 0
721 394 10
721 394 0
723 394 0
728 394 10
728 394 0
729 394 0
800 394 10
800 394 0
801 394 0
848 394 10
848 394 0
852 394 0
860 394 10
860 394 0
861 394 0
866 394 10
866 394 0
867 394 0
719 395 10
719 395 0
721 395 0
726 395 10
726 395 0
728 395 0
802 395 10
802 395 0
803 395 0
842 395 10
842 395 0
847 395 0
861 395 10
861 395 0
862 395 0
867 395 10
867 395 0
868 395 0
717 396 10
717 396 0
719 396 0
724 396 10
724 396 0
725 396 0
804 396 10
804 396 0
806 396 0
816 396 10
816 396 0
841 396 0
862 396 10
862 396 0
863 396 0
715 397 10
715 397 0
717 397 0
722 397 10
722 397 0
724 397 0
806 397 10
806 397 0
807 397 0
863 397 10
863 397 0
864 397 0
868 397 10
868 397 0
869 397 0
713 398 10
713 398 0
714 398 0
720 398 10
720 398 0
722 398 0
808 398 10
808 398 0
809 398 0
816 398 10
816 398 0
818 398 0
864 398 10
864 398 0
865 398 0
869 398 10
869 398 0
870 398 0
710 399 10
710 399 0
712 399 0
718 399 10
718 399 0
720 399 0
810 399 10
810 399 0
811 399 0
818 399 10
818 399 0
821 399 0
865 399 10
865 399 0
866 399 0
870 399 10
870 399 0
871 399 0
708 400 10
708 400 0
710 400 0
716 400 10
716 400 0
717 400 0
811 400 10
811 400 0
813 400 0
821 400 10
821 400 0
823 400 0
866 400 10
866 400 0
867 400 0
871 400 10
871 400 0
872 400 0
705 401 10
705 401 0
707 401 0
713 401 10
713 401 0
715 401 0
814 401 10
814 401 0
815 401 0
823 401 10
823 401 0
824 401 0
867 401 10
867 401 0
868 401 0
699 402 10
699 402 0
704 402 0
711 402 10
711 402 0
712 402 0
816 402 10
816 402 0
818 402 0
868 402 10
868 402 0
869 402 0
872 402 10
872 402 0
873 402 0
707 403 10
707 403 0
710 403 0
819 403 10
819 403 0
824 403 0
869 403 10
869 403 0
870 403 0
873 403 10
873 403 0
874 403 0
704 404 10
704 404 0
707 404 0
870 404 10
870 404 0
871 404 0
874 404 10
874 404 0
875 404 0
699 405 10
699 405 0
703 405 0
871 405 10
871 405 0
872 405 0
875 406 10
875 406 0
876 406 0
876 407 10
876 407 0
877 407 0
873 408 10
873 408 0
874 408 0
877 409 10
877 409 0
878 409 0
878 410 10
878 410 0
879 410 0
875 411 10
875 411 0
876 411 0
879 412 10
879 412 0
880 412 0
880 413 10
880 413 0
881 413 0
877 414 10
877 414 0
878 414 0
881 415 10
881 415 0
882 415 0
882 416 10
882 416 0
883 416 0
879 417 10
879 417 0
880 417 0
883 418 10
883 418 0
884 418 0
880 419 10
880 419 0
881 419 0
884 420 10
884 420 0
885 420 0
882 422 10
882 422 0
883 422 0
885 422 10
885 422 0
886 422 0
883 424 10
883 424 0
884 424 0
886 424 10
886 424 0
887 424 0
884 426 10
884 426 0
885 426 0
886 430 10
886 430 0
887 430 0
648 442 10
648 442 0
665 442 0
643 443 10
643 443 0
647 443 0
666 443 10
666 443 0
674 443 0
638 444 10
638 444 0
642 444 0
675 444 10
675 444 0
681 444 0
893 444 10
893 444 0
897 444 0
635 445 10
635 445 0
637 445 0
650 445 10
650 445 0
667 445 0
682 445 10
682 445 0
686 445 0
897 445 10
897 445 0
898 445 0
633 446 10
633 446 0
635 446 0
645 446 10
645 446 0
649 446 0
670 446 10
670 446 0
677 446 0
687 446 10
687 446 0
690 446 0
886 446 10
886 446 0
887 446 0
893 446 10
893 446 0
895 446 0
898 446 10
898 446 0
899 446 0
632 447 10
632 447 0
633 447 0
640 447 10
640 447 0
644 447 0
678 447 10
678 447 0
684 447 0
691 447 10
691 447 0
695 447 0
885 447 10
885 447 0
886 447 0
891 447 10
891 447 0
893 447 0
899 447 10
899 447 0
900 447 0
629 448 10
629 448 0
632 448 0
638 448 10
638 448 0
639 448 0
685 448 10
685 448 0
687 448 0
696 448 10
696 448 0
699 448 0
884 448 10
884 448 0
885 448 0
890 448 10
890 448 0
891 448 0
628 449 10
628 449 0
629 449 0
636 449 10
636 449 0
637 449 0
688 449 10
688 449 0
692 449 0
700 449 10
700 449 0
704 449 0
881 449 10
881 449 0
883 449 0
888 449 10
888 449 0
890 449 0
627 450 10
627 450 0
628 450 0
633 450 10
633 450 0
635 450 0
693 450 10
693 450 0
696 450 0
705 450 10
705 450 0
710 450 0
877 450 10
877 450 0
880 450 0
885 450 10
885 450 0
887 450 0
626 451 10
626 451 0
627 451 0
631 451 10
631 451 0
632 451 0
697 451 10
697 451 0
701 451 0
711 451 10
711 451 0
717 451 0
875 451 10
875 451 0
876 451 0
882 451 10
882 451 0
884 451 0
625 452 10
625 452 0
626 452 0
629 452 10
629 452 0
631 452 0
702 452 10
702 452 0
705 452 0
718 452 10
718 452 0
724 452 0
872 452 10
872 452 0
874 452 0
879 452 10
879 452 0
881 452 0
624 453 10
624 453 0
625 453 0
628 453 10
628 453 0
629 453 0
706 453 10
706 453 0
710 453 0
725 453 10
725 453 0
730 453 0
868 453 10
868 453 0
872 453 0
877 453 10
877 453 0
878 453 0
623 454 10
623 454 0
624 454 0
627 454 10
627 454 0
628 454 0
711 454 10
711 454 0
714 454 0
731 454 10
731 454 0
736 454 0
865 454 10
865 454 0
867 454 0
874 454 10
874 454 0
876 454 0
622 455 10
622 455 0
623 455 0
626 455 10
626 455 0
627 455 0
715 455 10
715 455 0
720 455 0
737 455 10
737 455 0
743 455 0
862 455 10
862 455 0
864 455 0
871 455 10
871 455 0
873 455 0
625 456 10
625 456 0
626 456 0
721 456 10
721 456 0
726 456 0
744 456 10
744 456 0
750 456 0
858 456 10
858 456 0
861 456 0
868 456 10
868 456 0
870 456 0
621 457 10
621 457 0
622 457 0
624 457 10
624 457 0
625 457 0
727 457 10
727 457 0
732 457 0
751 457 10
751 457 0
756 457 0
854 457 10
854 457 0
857 457 0
865 457 10
865 457 0
867 457 0
620 458 10
620 458 0
621 458 0
733 458 10
733 458 0
738 458 0
757 458 10
757 458 0
762 458 0
850 458 10
850 458 0
853 458 0
861 458 10
861 458 0
864 458 0
896 458 10
896 458 0
897 458 0
623 459 10
623 459 0
624 459 0
739 459 10
739 459 0
745 459 0
763 459 10
763 459 0
769 459 0
846 459 10
846 459 0
849 459 0
858 459 10
858 459 0
860 459 0
895 459 10
895 459 0
896 459 0
619 460 10
619 460 0
620 460 0
622 460 10
622 460 0
623 460 0
746 460 10
746 460 0
751 460 0
770 460 10
770 460 0
775 460 0
841 460 10
841 460 0
845 460 0
853 460 10
853 460 0
857 460 0
618 461 10
618 461 0
619 461 0
752 461 10
752 461 0
758 461 0
776 461 10
776 461 0
783 461 0
835 461 10
835 461 0
840 461 0
849 461 10
849 461 0
852 461 0
894 461 10
894 461 0
895 461 0
898 461 10
898 461 0
899 461 0
621 462 10
621 462 0
622 462 0
646 462 10
646 462 0
666 462 0
759 462 10
759 462 0
765 462 0
784 462 10
784 462 0
792 462 0
828 462 10
828 462 0
834 462 0
844 462 10
844 462 0
848 462 0
893 462 10
893 462 0
894 462 0
897 462 10
897 462 0
898 462 0
620 463 10
620 463 0
621 463 0
644 463 10
644 463 0
645 463 0
667 463 10
667 463 0
673 463 0
766 463 10
766 463 0
772 463 0
793 463 10
793 463 0
827 463 0
840 463 10
840 463 0
843 463 0
892 463 10
892 463 0
893 463 0
896 463 10
896 463 0
897 463 0
643 464 10
643 464 0
644 464 0
674 464 10
674 464 0
680 464 0
773 464 10
773 464 0
779 464 0
833 464 10
833 464 0
839 464 0
891 464 10
891 464 0
892 464 0
648 465 10
648 465 0
663 465 0
681 465 10
681 465 0
685 465 0
780 465 10
780 465 0
787 465 0
827 465 10
827 465 0
832 465 0
890 465 10
890 465 0
891 465 0
895 465 10
895 465 0
896 465 0
643 466 10
643 466 0
647 466 0
664 466 10
664 466 0
671 466 0
686 466 10
686 466 0
691 466 0
788 466 10
788 466 0
794 466 0
796 466 10
796 466 0
826 466 0
888 466 10
888 466 0
890 466 0
894 466 10
894 466 0
895 466 0
672 467 10
672 467 0
678 467 0
692 467 10
692 467 0
698 467 0
887 467 10
887 467 0
888 467 0
892 467 10
892 467 0
894 467 0
679 468 10
679 468 0
684 468 0
699 468 10
699 468 0
703 468 0
885 468 10
885 468 0
887 468 0
891 468 10
891 468 0
892 468 0
685 469 10
685 469 0
691 469 0
704 469 10
704 469 0
709 469 0
884 469 10
884 469 0
885 469 0
890 469 10
890 469 0
891 469 0
692 470 10
692 470 0
697 470 0
710 470 10
710 470 0
715 470 0
882 470 10
882 470 0
883 470 0
888 470 10
888 470 0
890 470 0
698 471 10
698 471 0
704 471 0
716 471 10
716 471 0
720 471 0
879 471 10
879 471 0
881 471 0
887 471 10
887 471 0
888 471 0
705 472 10
705 472 0
709 472 0
721 472 10
721 472 0
726 472 0
877 472 10
877 472 0
879 472 0
885 472 10
885 472 0
887 472 0
710 473 10
710 473 0
715 473 0
727 473 10
727 473 0
732 473 0
875 473 10
875 473 0
877 473 0
883 473 10
883 473 0
885 473 0
716 474 10
716 474 0
721 474 0
733 474 10
733 474 0
739 474 0
873 474 10
873 474 0
874 474 0
881 474 10
881 474 0
883 474 0
722 475 10
722 475 0
728 475 0
740 475 10
740 475 0
744 475 0
870 475 10
870 475 0
872 475 0
617 476 10
617 476 0
618 476 0
729 476 10
729 476 0
734 476 0
745 476 10
745 476 0
752 476 0
866 476 10
866 476 0
869 476 0
621 477 10
621 477 0
622 477 0
735 477 10
735 477 0
741 477 0
753 477 10
753 477 0
760 477 0
862 477 10
862 477 0
865 477 0
874 477 10
874 477 0
877 477 0
881 477 10
881 477 0
882 477 0
742 478 10
742 478 0
748 478 0
761 478 10
761 478 0
770 478 0
857 478 10
857 478 0
861 478 0
872 478 10
872 478 0
873 478 0
877 478 10
877 478 0
878 478 0
882 478 10
882 478 0
883 478 0
618 479 10
618 479 0
619 479 0
622 479 10
622 479 0
623 479 0
749 479 10
749 479 0
755 479 0
771 479 10
771 479 0
779 479 0
848 479 10
848 479 0
856 479 0
868 479 10
868 479 0
871 479 0
619 480 10
619 480 0
620 480 0
623 480 10
623 480 0
624 480 0
756 480 10
756 480 0
762 480 0
780 480 10
780 480 0
847 480 0
863 480 10
863 480 0
867 480 0
624 481 10
624 481 0
625 481 0
763 481 10
763 481 0
772 481 0
858 481 10
858 481 0
862 481 0
601 482 10
601 482 0
603 482 0
620 482 10
620 482 0
621 482 0
625 482 10
625 482 0
626 482 0
773 482 10
773 482 0
781 482 0
849 482 10
849 482 0
857 482 0
603 483 10
603 483 0
604 483 0
621 483 10
621 483 0
622 483 0
626 483 10
626 483 0
627 483 0
782 483 10
782 483 0
848 483 0
508 484 10
508 484 0
509 484 0
622 484 10
622 484 0
623 484 0
627 484 10
627 484 0
629 484 0
623 485 10
623 485 0
624 485 0
630 485 10
630 485 0
632 485 0
644 485 10
644 485 0
668 485 0
605 486 10
605 486 0
606 486 0
624 486 10
624 486 0
625 486 0
633 486 10
633 486 0
643 486 0
669 486 10
669 486 0
673 486 0
506 487 10
506 487 0
507 487 0
626 487 10
626 487 0
627 487 0
674 487 10
674 487 0
678 487 0
628 488 10
628 488 0
631 488 0
645 488 10
645 488 0
667 488 0
679 488 10
679 488 0
683 488 0
507 489 10
507 489 0
508 489 0
602 489 10
602 489 0
603 489 0
632 489 10
632 489 0
644 489 0
668 489 10
668 489 0
672 489 0
684 489 10
684 489 0
688 489 0
673 490 10
673 490 0
679 490 0
689 490 10
689 490 0
692 490 0
508 491 10
508 491 0
509 491 0
603 491 10
603 491 0
604 491 0
680 491 10
680 491 0
683 491 0
693 491 10
693 491 0
696 491 0
879 491 10
879 491 0
880 491 0
607 492 10
607 492 0
608 492 0
684 492 10
684 492 0
687 492 0
697 492 10
697 492 0
700 492 0
878 492 10
878 492 0
879 492 0
509 493 10
509 493 0
510 493 0
604 493 10
604 493 0
605 493 0
608 493 10
608 493 0
609 493 0
688 493 10
688 493 0
693 493 0
701 493 10
701 493 0
705 493 0
877 493 10
877 493 0
878 493 0
881 493 10
881 493 0
882 493 0
510 494 10
510 494 0
511 494 0
609 494 10
609 494 0
610 494 0
694 494 10
694 494 0
697 494 0
706 494 10
706 494 0
711 494 0
605 495 10
605 495 0
606 495 0
610 495 10
610 495 0
611 495 0
698 495 10
698 495 0
701 495 0
712 495 10
712 495 0
717 495 0
876 495 10
876 495 0
877 495 0
880 495 10
880 495 0
881 495 0
511 496 10
511 496 0
512 496 0
606 496 10
606 496 0
607 496 0
611 496 10
611 496 0
612 496 0
702 496 10
702 496 0
707 496 0
718 496 10
718 496 0
724 496 0
874 496 10
874 496 0
876 496 0
879 496 10
879 496 0
880 496 0
512 497 10
512 497 0
513 497 0
607 497 10
607 497 0
608 497 0
612 497 10
612 497 0
613 497 0
708 497 10
708 497 0
713 497 0
725 497 10
725 497 0
734 497 0
873 497 10
873 497 0
874 497 0
878 497 10
878 497 0
879 497 0
608 498 10
608 498 0
609 498 0
613 498 10
613 498 0
615 498 0
714 498 10
714 498 0
719 498 0
735 498 10
735 498 0
744 498 0
872 498 10
872 498 0
873 498 0
513 499 10
513 499 0
514 499 0
609 499 10
609 499 0
610 499 0
615 499 10
615 499 0
616 499 0
720 499 10
720 499 0
726 499 0
745 499 10
745 499 0
755 499 0
871 499 10
871 499 0
872 499 0
876 499 10
876 499 0
878 499 0
514 500 10
514 500 0
515 500 0
610 500 10
610 500 0
611 500 0
616 500 10
616 500 0
617 500 0
727 500 10
727 500 0
735 500 0
756 500 10
756 500 0
770 500 0
868 500 10
868 500 0
870 500 0
875 500 10
875 500 0
876 500 0
611 501 10
611 501 0
612 501 0
617 501 10
617 501 0
618 501 0
736 501 10
736 501 0
745 501 0
771 501 10
771 501 0
802 501 0
866 501 10
866 501 0
867 501 0
874 501 10
874 501 0
875 501 0
515 502 10
515 502 0
516 502 0
612 502 10
612 502 0
613 502 0
619 502 10
619 502 0
624 502 0
746 502 10
746 502 0
755 502 0
803 502 10
803 502 0
840 502 0
862 502 10
862 502 0
865 502 0
872 502 10
872 502 0
874 502 0
516 503 10
516 503 0
517 503 0
613 503 10
613 503 0
614 503 0
625 503 10
625 503 0
628 503 0
756 503 10
756 503 0
767 503 0
841 503 10
841 503 0
861 503 0
870 503 10
870 503 0
871 503 0
517 504 10
517 504 0
518 504 0
614 504 10
614 504 0
616 504 0
628 504 10
628 504 0
630 504 0
768 504 10
768 504 0
807 504 0
867 504 10
867 504 0
869 504 0
518 505 10
518 505 0
519 505 0
616 505 10
616 505 0
617 505 0
808 505 10
808 505 0
839 505 0
863 505 10
863 505 0
866 505 0
519 506 10
519 506 0
520 506 0
617 506 10
617 506 0
620 506 0
840 506 10
840 506 0
845 506 0
850 506 10
850 506 0
862 506 0
520 507 10
520 507 0
521 507 0
524 507 10
524 507 0
525 507 0
621 507 10
621 507 0
622 507 0
849 507 10
849 507 0
850 507 0
521 508 10
521 508 0
522 508 0
525 508 10
525 508 0
526 508 0
623 508 10
623 508 0
631 508 0
844 508 10
844 508 0
845 508 0
848 508 10
848 508 0
849 508 0
522 509 10
522 509 0
523 509 0
526 509 10
526 509 0
529 509 0
842 509 10
842 509 0
843 509 0
847 509 10
847 509 0
848 509 0
523 510 10
523 510 0
524 510 0
529 510 10
529 510 0
532 510 0
841 510 10
841 510 0
842 510 0
846 510 10
846 510 0
847 510 0
524 511 10
524 511 0
525 511 0
532 511 10
532 511 0
533 511 0
840 511 10
840 511 0
841 511 0
844 511 10
844 511 0
846 511 0
526 512 10
526 512 0
527 512 0
534 512 10
534 512 0
536 512 0
843 512 10
843 512 0
844 512 0
527 513 10
527 513 0
530 513 0
536 513 10
536 513 0
538 513 0
837 513 10
837 513 0
838 513 0
842 513 10
842 513 0
843 513 0
530 514 10
530 514 0
532 514 0
538 514 10
538 514 0
539 514 0
836 514 10
836 514 0
837 514 0
840 514 10
840 514 0
842 514 0
532 515 10
532 515 0
533 515 0
539 515 10
539 515 0
541 515 0
834 515 10
834 515 0
835 515 0
839 515 10
839 515 0
840 515 0
533 516 10
533 516 0
535 516 0
542 516 10
542 516 0
543 516 0
833 516 10
833 516 0
834 516 0
837 516 10
837 516 0
839 516 0
536 517 10
536 517 0
537 517 0
544 517 10
544 517 0
546 517 0
831 517 10
831 517 0
832 517 0
836 517 10
836 517 0
837 517 0
538 518 10
538 518 0
539 518 0
546 518 10
546 518 0
548 518 0
830 518 10
830 518 0
831 518 0
834 518 10
834 518 0
836 518 0
540 519 10
540 519 0
541 519 0
549 519 10
549 519 0
551 519 0
828 519 10
828 519 0
829 519 0
833 519 10
833 519 0
834 519 0
541 520 10
541 520 0
542 520 0
552 520 10
552 520 0
554 520 0
831 520 10
831 520 0
833 520 0
543 521 10
543 521 0
545 521 0
555 521 10
555 521 0
557 521 0
825 521 10
825 521 0
826 521 0
830 521 10
830 521 0
831 521 0
546 522 10
546 522 0
547 522 0
557 522 10
557 522 0
559 522 0
823 522 10
823 522 0
824 522 0
828 522 10
828 522 0
829 522 0
548 523 10
548 523 0
549 523 0
560 523 10
560 523 0
563 523 0
821 523 10
821 523 0
822 523 0
826 523 10
826 523 0
828 523 0
550 524 10
550 524 0
552 524 0
563 524 10
563 524 0
564 524 0
820 524 10
820 524 0
821 524 0
825 524 10
825 524 0
826 524 0
553 525 10
553 525 0
555 525 0
565 525 10
565 525 0
568 525 0
818 525 10
818 525 0
819 525 0
823 525 10
823 525 0
825 525 0
556 526 10
556 526 0
558 526 0
568 526 10
568 526 0
571 526 0
816 526 10
816 526 0
817 526 0
821 526 10
821 526 0
823 526 0
559 527 10
559 527 0
561 527 0
572 527 10
572 527 0
575 527 0
813 527 10
813 527 0
815 527 0
819 527 10
819 527 0
821 527 0
562 528 10
562 528 0
565 528 0
576 528 10
576 528 0
578 528 0
811 528 10
811 528 0
813 528 0
817 528 10
817 528 0
819 528 0
566 529 10
566 529 0
568 529 0
579 529 10
579 529 0
583 529 0
809 529 10
809 529 0
811 529 0
816 529 10
816 529 0
817 529 0
569 530 10
569 530 0
572 530 0
584 530 10
584 530 0
586 530 0
807 530 10
807 530 0
808 530 0
815 530 10
815 530 0
816 530 0
573 531 10
573 531 0
575 531 0
587 531 10
587 531 0
590 531 0
804 531 10
804 531 0
806 531 0
813 531 10
813 531 0
815 531 0
576 532 10
576 532 0
579 532 0
591 532 10
591 532 0
595 532 0
802 532 10
802 532 0
803 532 0
812 532 10
812 532 0
813 532 0
580 533 10
580 533 0
584 533 0
596 533 10
596 533 0
599 533 0
799 533 10
799 533 0
802 533 0
811 533 10
811 533 0
812 533 0
585 534 10
585 534 0
589 534 0
600 534 10
600 534 0
603 534 0
796 534 10
796 534 0
798 534 0
809 534 10
809 534 0
811 534 0
590 535 10
590 535 0
593 535 0
604 535 10
604 535 0
607 535 0
794 535 10
794 535 0
795 535 0
807 535 10
807 535 0
809 535 0
594 536 10
594 536 0
600 536 0
610 536 10
610 536 0
613 536 0
789 536 10
789 536 0
793 536 0
805 536 10
805 536 0
806 536 0
601 537 10
601 537 0
605 537 0
615 537 10
615 537 0
618 537 0
786 537 10
786 537 0
788 537 0
803 537 10
803 537 0
804 537 0
606 538 10
606 538 0
612 538 0
622 538 10
622 538 0
626 538 0
782 538 10
782 538 0
785 538 0
801 538 10
801 538 0
803 538 0
613 539 10
613 539 0
619 539 0
778 539 10
778 539 0
781 539 0
798 539 10
798 539 0
800 539 0
620 540 10
620 540 0
626 540 0
773 540 10
773 540 0
777 540 0
795 540 10
795 540 0
797 540 0
627 541 10
627 541 0
636 541 0
651 541 10
651 541 0
652 541 0
768 541 10
768 541 0
772 541 0
791 541 10
791 541 0
794 541 0
637 542 10
637 542 0
644 542 0
761 542 10
761 542 0
767 542 0
788 542 10
788 542 0
790 542 0
645 543 10
645 543 0
653 543 0
669 543 10
669 543 0
672 543 0
753 543 10
753 543 0
760 543 0
783 543 10
783 543 0
787 543 0
654 544 10
654 544 0
663 544 0
678 544 10
678 544 0
683 544 0
745 544 10
745 544 0
752 544 0
777 544 10
777 544 0
782 544 0
664 545 10
664 545 0
672 545 0
690 545 10
690 545 0
699 545 0
703 545 10
703 545 0
728 545 0
732 545 10
732 545 0
744 545 0
770 545 10
770 545 0
776 545 0
673 546 10
673 546 0
685 546 0
729 546 10
729 546 0
731 546 0
762 546 10
762 546 0
769 546 0
686 547 10
686 547 0
697 547 0
751 547 10
751 547 0
761 547 0
698 548 10
698 548 0
748 548 0
498 447 10
498 447 0
498 454 0
499 436 10
499 436 0
499 446 0
499 455 10
499 455 0
499 463 0
500 428 10
500 428 0
500 435 0
500 464 10
500 464 0
500 468 0
501 422 10
501 422 0
501 427 0
501 445 10
501 445 0
501 459 0
501 469 10
501 469 0
501 472 0
502 417 10
502 417 0
502 421 0
502 434 10
502 434 0
502 442 0
502 460 10
502 460 0
502 466 0
502 473 10
502 473 0
502 476 0
503 412 10
503 412 0
503 416 0
503 428 10
503 428 0
503 433 0
503 467 10
503 467 0
503 470 0
503 477 10
503 477 0
503 479 0
504 409 10
504 409 0
504 411 0
504 422 10
504 422 0
504 427 0
504 471 10
504 471 0
504 474 0
504 480 10
504 480 0
504 482 0
505 404 10
505 404 0
505 408 0
505 418 10
505 418 0
505 421 0
505 475 10
505 475 0
505 477 0
505 483 10
505 483 0
505 484 0
506 401 10
506 401 0
506 403 0
506 413 10
506 413 0
506 417 0
506 478 10
506 478 0
506 479 0
506 485 10
506 485 0
506 486 0
507 397 10
507 397 0
507 400 0
507 409 10
507 409 0
507 412 0
507 480 10
507 480 0
507 482 0
508 393 10
508 393 0
508 396 0
508 405 10
508 405 0
508 408 0
509 390 10
509 390 0
509 392 0
509 400 10
509 400 0
509 404 0
509 485 10
509 485 0
509 486 0
510 387 10
510 387 0
510 389 0
510 397 10
510 397 0
510 399 0
510 487 10
510 487 0
510 489 0
511 384 10
511 384 0
511 386 0
511 394 10
511 394 0
511 396 0
512 381 10
512 381 0
512 383 0
512 391 10
512 391 0
512 393 0
512 491 10
512 491 0
512 492 0
513 378 10
513 378 0
513 380 0
513 387 10
513 387 0
513 390 0
513 493 10
513 493 0
513 494 0
514 375 10
514 375 0
514 377 0
514 384 10
514 384 0
514 386 0
515 372 10
515 372 0
515 374 0
515 381 10
515 381 0
515 383 0
515 496 10
515 496 0
515 497 0
516 369 10
516 369 0
516 371 0
516 379 10
516 379 0
516 380 0
517 367 10
517 367 0
517 368 0
517 375 10
517 375 0
517 378 0
518 364 10
518 364 0
518 366 0
518 500 10
518 500 0
518 501 0
519 362 10
519 362 0
519 363 0
519 371 10
519 371 0
519 372 0
520 360 10
520 360 0
520 361 0
520 368 10
520 368 0
520 370 0
521 357 10
521 357 0
521 358 0
521 366 10
521 366 0
521 367 0
523 353 10
523 353 0
523 354 0
523 361 10
523 361 0
523 363 0
525 349 10
525 349 0
525 350 0
525 357 10
525 357 0
525 358 0
529 349 10
529 349 0
529 350 0
530 340 10
530 340 0
530 341 0
534 339 10
534 339 0
534 340 0
545 322 10
545 322 0
545 323 0
565 330 10
565 330 0
565 337 0
566 325 10
566 325 0
566 329 0
567 321 10
567 321 0
567 324 0
567 336 10
567 336 0
567 337 0
568 316 10
568 316 0
568 320 0
568 326 10
568 326 0
568 335 0
569 312 10
569 312 0
569 315 0
569 321 10
569 321 0
569 325 0
570 308 10
570 308 0
570 311 0
570 316 10
570 316 0
570 319 0
571 305 10
571 305 0
571 307 0
571 312 10
571 312 0
571 315 0
572 308 10
572 308 0
572 311 0
573 298 10
573 298 0
573 300 0
573 304 10
573 304 0
573 307 0
574 294 10
574 294 0
574 297 0
574 302 10
574 302 0
574 303 0
575 290 10
575 290 0
575 293 0
575 299 10
575 299 0
575 300 0
576 286 10
576 286 0
576 289 0
576 295 10
576 295 0
576 297 0
577 282 10
577 282 0
577 285 0
577 293 10
577 293 0
577 294 0
578 278 10
578 278 0
578 281 0
578 290 10
578 290 0
578 292 0
579 276 10
579 276 0
579 277 0
579 287 10
579 287 0
579 289 0
580 274 10
580 274 0
580 275 0
581 283 10
581 283 0
581 284 0
582 280 10
582 280 0
582 282 0
583 278 10
583 278 0
583 279 0
584 276 10
584 276 0
584 277 0
587 271 10
587 271 0
587 272 0
593 261 10
593 261 0
593 262 0
601 483 10
601 483 0
601 487 0
606 487 10
606 487 0
606 488 0
607 489 10
607 489 0
607 491 0
617 465 10
617 465 0
617 475 0
618 462 10
618 462 0
618 464 0
618 477 10
618 477 0
618 478 0
619 467 10
619 467 0
619 473 0
620 328 10
620 328 0
620 329 0
620 331 10
620 331 0
620 333 0
620 464 10
620 464 0
620 466 0
620 474 10
620 474 0
620 475 0
623 330 10
623 330 0
623 331 0
631 506 10
631 506 0
631 507 0
634 314 10
634 314 0
634 315 0
696 353 10
696 353 0
696 357 0
697 349 10
697 349 0
697 352 0
697 358 10
697 358 0
697 360 0
698 347 10
698 347 0
698 348 0
699 403 10
699 403 0
699 404 0
700 343 10
700 343 0
700 344 0
738 237 10
738 237 0
738 238 0
742 248 10
742 248 0
742 250 0
743 244 10
743 244 0
743 247 0
743 251 10
743 251 0
743 253 0
744 248 10
744 248 0
744 249 0
744 254 10
744 254 0
744 256 0
745 250 10
745 250 0
745 252 0
745 257 10
745 257 0
745 259 0
746 253 10
746 253 0
746 255 0
746 260 10
746 260 0
746 263 0
747 256 10
747 256 0
747 257 0
747 264 10
747 264 0
747 267 0
748 258 10
748 258 0
748 260 0
748 268 10
748 268 0
748 270 0
749 261 10
749 261 0
749 264 0
750 265 10
750 265 0
750 268 0
764 345 10
764 345 0
764 346 0
765 347 10
765 347 0
765 348 0
766 349 10
766 349 0
766 351 0
767 352 10
767 352 0
767 353 0
777 302 10
777 302 0
777 303 0
779 306 10
779 306 0
779 307 0
780 311 10
780 311 0
780 312 0
781 344 10
781 344 0
781 346 0
782 310 10
782 310 0
782 311 0
782 342 10
782 342 0
782 343 0
782 355 10
782 355 0
782 357 0
783 339 10
783 339 0
783 340 0
783 349 10
783 349 0
783 350 0
784 336 10
784 336 0
784 338 0
784 357 10
784 357 0
784 359 0
785 317 10
785 317 0
785 320 0
785 326 10
785 326 0
785 335 0
785 343 10
785 343 0
785 346 0
786 339 10
786 339 0
786 342 0
787 323 10
787 323 0
787 325 0
787 334 10
787 334 0
787 338 0
787 365 10
787 365 0
787 366 0
788 326 10
788 326 0
788 327 0
788 332 10
788 332 0
788 333 0
824 350 10
824 350 0
824 351 0
825 343 10
825 343 0
825 349 0
825 352 10
825 352 0
825 358 0
826 340 10
826 340 0
826 342 0
827 338 10
827 338 0
827 339 0
844 243 10
844 243 0
844 245 0
845 246 10
845 246 0
845 247 0
846 239 10
846 239 0
846 240 0
846 248 10
846 248 0
846 251 0
847 241 10
847 241 0
847 243 0
847 252 10
847 252 0
847 254 0
848 244 10
848 244 0
848 247 0
848 255 10
848 255 0
848 259 0
849 248 10
849 248 0
849 252 0
849 261 10
849 261 0
849 263 0
850 253 10
850 253 0
850 259 0
850 265 10
850 265 0
850 268 0
851 260 10
851 260 0
851 263 0
852 264 10
852 264 0
852 266 0
879 480 10
879 480 0
879 481 0
880 482 10
880 482 0
880 483 0
880 488 10
880 488 0
880 490 0
881 475 10
881 475 0
881 476 0
881 484 10
881 484 0
881 487 0
883 479 10
883 479 0
883 481 0
883 489 10
883 489 0
883 491 0
884 482 10
884 482 0
884 488 0
885 335 10
885 335 0
885 336 0
886 337 10
886 337 0
886 339 0
886 428 10
886 428 0
886 429 0
887 340 10
887 340 0
887 343 0
888 344 10
888 344 0
888 350 0
888 369 10
888 369 0
888 370 0
888 426 10
888 426 0
888 427 0
888 432 10
888 432 0
888 435 0
888 443 10
888 443 0
888 444 0
889 428 10
889 428 0
889 429 0
889 436 10
889 436 0
889 442 0
890 430 10
890 430 0
890 432 0
891 433 10
891 433 0
891 436 0
892 437 10
892 437 0
892 441 0
893 290 10
893 290 0
893 291 0
894 292 10
894 292 0
894 293 0
897 448 10
897 448 0
897 450 0
897 456 10
897 456 0
897 457 0
898 451 10
898 451 0
898 455 0
899 459 10
899 459 0
899 460 0
900 448 10
900 448 0
900 449 0
900 457 10
900 457 0
900 458 0
901 450 10
901 450 0
901 456 0
904 305 10
904 305 0
904 306 0
905 307 10
905 307 0
905 310 0
906 351 10
906 351 0
906 354 0
907 304 10
907 304 0
907 307 0
907 309 10
907 309 0
907 312 0
909 348 10
909 348 0
909 355 0
912 329 10
912 329 0
912 330 0
912 338 10
912 338 0
912 339 0
913 331 10
913 331 0
913 337 0
914 341 10
914 341 0
914 342 0
915 321 10
915 321 0
915 329 0
915 338 10
915 338 0
915 340 0
916 330 10
916 330 0
916 337 0
501 443 10
501 443 0
502 444 10
502 444 0
507 488 10
507 488 0
508 483 10
508 483 0
508 490 10
508 490 0
509 492 10
509 492 0
511 490 10
511 490 0
511 495 10
511 495 0
513 498 10
513 498 0
514 495 10
514 495 0
515 501 10
515 501 0
516 498 10
516 498 0
517 499 10
517 499 0
518 374 10
518 374 0
519 502 10
519 502 0
520 503 10
520 503 0
521 504 10
521 504 0
522 356 10
522 356 0
522 364 10
522 364 0
522 505 10
522 505 0
523 506 10
523 506 0
524 360 10
524 360 0
527 346 10
527 346 0
527 354 10
527 354 0
528 344 10
528 344 0
528 352 10
528 352 0
529 342 10
529 342 0
530 348 10
530 348 0
531 346 10
531 346 0
532 337 10
532 337 0
532 344 10
532 344 0
533 335 10
533 335 0
533 342 10
533 342 0
535 332 10
535 332 0
535 338 10
535 338 0
536 336 10
536 336 0
537 329 10
537 329 0
537 334 10
537 334 0
538 333 10
538 333 0
539 326 10
539 326 0
539 331 10
539 331 0
540 330 10
540 330 0
541 328 10
541 328 0
542 322 10
542 322 0
542 327 10
542 327 0
543 325 10
543 325 0
544 324 10
544 324 0
546 321 10
546 321 0
547 320 10
547 320 0
548 319 10
548 319 0
549 318 10
549 318 0
550 317 10
550 317 0
551 316 10
551 316 0
552 315 10
552 315 0
570 304 10
570 304 0
571 302 10
571 302 0
581 272 10
581 272 0
583 269 10
583 269 0
585 266 10
585 266 0
585 275 10
585 275 0
586 273 10
586 273 0
587 263 10
587 263 0
589 268 10
589 268 0
590 259 10
590 259 0
591 265 10
591 265 0
592 263 10
592 263 0
594 260 10
594 260 0
596 257 10
596 257 0
597 251 10
597 251 0
597 256 10
597 256 0
599 253 10
599 253 0
600 252 10
600 252 0
601 251 10
601 251 0
602 488 10
602 488 0
603 490 10
603 490 0
604 484 10
604 484 0
604 492 10
604 492 0
605 246 10
605 246 0
605 485 10
605 485 0
605 494 10
605 494 0
606 245 10
606 245 0
607 244 10
607 244 0
608 243 10
608 243 0
609 242 10
609 242 0
610 241 10
610 241 0
619 330 10
619 330 0
620 459 10
620 459 0
620 481 10
620 481 0
621 476 10
621 476 0
622 456 10
622 456 0
622 461 10
622 461 0
622 478 10
622 478 0
624 458 10
624 458 0
627 273 10
627 273 0
629 539 10
629 539 0
630 505 10
630 505 0
633 539 10
633 539 0
640 317 10
640 317 0
643 465 10
643 465 0
643 540 10
643 540 0
651 357 10
651 357 0
661 542 10
661 542 0
662 351 10
662 351 0
668 446 10
668 446 0
669 445 10
669 445 0
699 345 10
699 345 0
702 340 10
702 340 0
709 222 10
709 222 0
711 223 10
711 223 0
713 224 10
713 224 0
715 225 10
715 225 0
718 227 10
718 227 0
719 228 10
719 228 0
724 367 10
724 367 0
728 234 10
728 234 0
731 236 10
731 236 0
736 240 10
736 240 0
737 241 10
737 241 0
738 242 10
738 242 0
739 239 10
739 239 0
739 244 10
739 244 0
740 245 10
740 245 0
741 247 10
741 247 0
742 243 10
742 243 0
749 547 10
749 547 0
750 274 10
750 274 0
750 548 10
750 548 0
751 269 10
751 269 0
756 380 10
756 380 0
758 336 10
758 336 0
759 337 10
759 337 0
761 340 10
761 340 0
762 286 10
762 286 0
763 343 10
763 343 0
765 270 10
765 270 0
776 268 10
776 268 0
776 271 10
776 271 0
776 300 10
776 300 0
778 298 10
778 298 0
778 308 10
778 308 0
780 305 10
780 305 0
780 347 10
780 347 0
780 360 10
780 360 0
781 358 10
781 358 0
782 362 10
782 362 0
783 312 10
783 312 0
783 323 10
783 323 0
783 361 10
783 361 0
784 311 10
784 311 0
786 322 10
786 322 0
790 387 10
790 387 0
795 467 10
795 467 0
814 397 10
814 397 0
823 374 10
823 374 0
824 402 10
824 402 0
827 520 10
827 520 0
828 227 10
828 227 0
828 336 10
828 336 0
830 333 10
830 333 0
831 292 10
831 292 0
833 230 10
833 230 0
835 292 10
835 292 0
839 512 10
839 512 0
841 238 10
841 238 0
842 240 10
842 240 0
843 322 10
843 322 0
844 236 10
844 236 0
845 507 10
845 507 0
853 267 10
853 267 0
854 269 10
854 269 0
863 391 10
863 391 0
865 275 10
865 275 0
867 316 10
867 316 0
868 396 10
868 396 0
870 368 10
870 368 0
871 369 10
871 369 0
872 278 10
872 278 0
872 315 10
872 315 0
872 401 10
872 401 0
872 406 10
872 406 0
873 407 10
873 407 0
874 279 10
874 279 0
874 409 10
874 409 0
875 405 10
875 405 0
875 410 10
875 410 0
876 412 10
876 412 0
877 408 10
877 408 0
877 413 10
877 413 0
877 494 10
877 494 0
878 415 10
878 415 0
878 479 10
878 479 0
878 498 10
878 498 0
879 411 10
879 411 0
879 416 10
879 416 0
880 418 10
880 418 0
881 329 10
881 329 0
881 379 10
881 379 0
881 414 10
881 414 0
881 420 10
881 420 0
881 494 10
881 494 0
882 318 10
882 318 0
882 330 10
882 330 0
882 421 10
882 421 0
882 492 10
882 492 0
883 372 10
883 372 0
883 417 10
883 417 0
883 423 10
883 423 0
884 333 10
884 333 0
884 371 10
884 371 0
884 419 10
884 419 0
884 425 10
884 425 0
885 369 10
885 369 0
885 421 10
885 421 0
885 427 10
885 427 0
886 368 10
886 368 0
886 373 10
886 373 0
886 423 10
886 423 0
887 371 10
887 371 0
887 425 10
887 425 0
887 431 10
887 431 0
887 445 10
887 445 0
888 291 10
888 291 0
891 442 10
891 442 0
892 443 10
892 443 0
895 294 10
895 294 0
895 460 10
895 460 0
896 447 10
896 447 0
896 464 10
896 464 0
903 310 10
903 310 0
905 301 10
905 301 0
905 355 10
905 355 0
906 359 10
906 359 0
908 308 10
908 308 0
908 356 10
908 356 0
910 320 10
910 320 0
911 341 10
911 341 0
912 322 10
912 322 0
913 318 10
913 318 0
